  7.9359410429508115E-02  3.3643108521980936E-02  1.6704690585598713E-02  2.3683875637477227E-02  1.9910190858585225E-02  1.4825086033453935E-02  6.8019342759974783E-03  8.2880050952801303E-03  8.1546457322324590E-03  2.3156165443374431E-03  3.1834398014943871E-03  3.4739467511940162E-03
  3.3643312915645700E-02  9.0393972186837937E-02  4.6559403486749404E-02  1.9835894202397196E-02  3.3586230487295490E-02  3.0920424717225888E-02  8.2488666972237983E-03  1.2506248938584727E-02  1.4078802470107506E-02  3.1770489573623522E-03  4.7904558121516080E-03  5.5785017110014969E-03
  1.6705837123557228E-02  4.6560859407912582E-02  1.2021713145278470E-01  1.4760206626393869E-02  3.0877787806670762E-02  4.9546018221409513E-02  8.1084145813293783E-03  1.4060045490154017E-02  1.8348011505140673E-02  3.4663767381487619E-03  5.5753954221264470E-03  6.8507201498640043E-03
  2.3685468737117396E-02  1.9838701324475596E-02  1.4763875024007618E-02  8.4289367179006217E-02  3.9269413143142251E-02  2.2336051177537973E-02  2.5092859300420267E-02  2.1869731887344021E-02  1.6984853483993041E-02  6.7982599901192991E-03  8.2584906574738586E-03  8.1129614038283650E-03
  1.9913627709997512E-02  3.3592370040872045E-02  3.0884965544479531E-02  3.9269148007134123E-02  9.9245560942013505E-02  5.6388862317068980E-02  2.1850267883376653E-02  3.6676346632316822E-02  3.4511243929751058E-02  8.2708894253525726E-03  1.2507646204137250E-02  1.4072273236540863E-02
  1.4831578293648678E-02  3.0931674118441735E-02  4.9553825234654306E-02  2.2334704709484898E-02  5.6386287052049150E-02  1.3313587828960144E-01  1.6980298561854429E-02  3.4485400008667830E-02  5.4007992278612971E-02  8.1378010476780335E-03  1.4070997132489344E-02  1.8351370559042575E-02
  6.8037175190679838E-03  8.2516694797178294E-03  8.1107668764584424E-03  2.5093531260575321E-02  2.1852146962360250E-02  1.6985182883533657E-02  8.4416698176789179E-02  3.9274121231530949E-02  2.2330610925431510E-02  2.3688969245761603E-02  1.9847656139097510E-02  1.4751094333338020E-02
  8.2915278767749546E-03  1.2511330851748520E-02  1.4063549956175626E-02  2.1870983287162509E-02  3.6680279961818933E-02  3.4495196834197182E-02  3.9273867670252947E-02  9.9342799523441994E-02  5.6379476687179769E-02  1.9881299970376583E-02  3.3609284269538187E-02  3.0890808552049499E-02
  8.1604430383946519E-03  1.4085171888338202E-02  1.8350816789851121E-02  1.6986907225681892E-02  3.4519194118378074E-02  5.4020734347846502E-02  2.2329765439830188E-02  5.6378864739359241E-02  1.3319616414396951E-01  1.4797122548135991E-02  3.0893843777712565E-02  4.9571935916381857E-02
  2.3166938254385637E-03  3.1784352808382969E-03  3.4673368653784539E-03  6.7989056948793824E-03  8.2726128626714832E-03  8.1409652784929527E-03  2.3689281494130007E-02  1.9882196040137381E-02  1.4799324877280785E-02  7.9975547587285617E-02  3.3618252301362277E-02  1.6656206370642034E-02
  3.1854444931474248E-03  4.7926762833620570E-03  5.5767618809550350E-03  8.2597619830788518E-03  1.2511142288895983E-02  1.4075781736776729E-02  1.9848250196318695E-02  3.3611112773463375E-02  3.0899166696147531E-02  3.3618142529320050E-02  9.0631135066479032E-02  4.6483856989802508E-02
  3.4770032944773455E-03  5.5810523838750389E-03  6.8518351334785361E-03  8.1151316940884753E-03  1.4078058430146881E-02  1.8355109236243158E-02  1.4752045191621188E-02  3.0894314221957726E-02  4.9582795827940618E-02  1.6655630797994186E-02  4.6483009136779316E-02  1.2032268204494548E-01
