  7.8304756391711638E-02  3.1258182240626757E-02  1.1597106328652204E-02  5.1087307949050252E-03  2.3851306750189510E-03  1.0546540377964749E-03  2.2426064511053678E-02  1.7225283552209442E-02  9.6621249356432549E-03  5.1694533580054275E-03  2.6883441577880752E-03  1.2594042260637330E-03  5.8343249146275969E-03  6.3757225867474929E-03  4.9248065490035166E-03  3.2356364893911379E-03  1.9158052900274617E-03  9.6939260444038828E-04  1.7925714146474535E-03  2.2149135539738501E-03  1.9887097983471908E-03  1.4882934961301564E-03  9.7053093917357511E-04  5.2412241079111122E-04
  3.1258182240626750E-02  8.4818581387837391E-02  3.3810861701106483E-02  1.2749997706806116E-02  5.5753907990005519E-03  2.3849262813541812E-03  1.7160088486840270E-02  2.7855620566178813E-02  1.9924104982773763E-02  1.1007569135667982E-02  5.7367494746932415E-03  2.6786128376353308E-03  6.3436849090985643E-03  8.8292615822414926E-03  8.1652295035126183E-03  5.9199423848255881E-03  3.6820692695070313E-03  1.9079845706192640E-03  2.2089757217842241E-03  3.0587617704840855E-03  3.0731125605751126E-03  2.5079398232999276E-03  1.7339145128779712E-03  9.6945955905407223E-04
  1.1597106328652202E-02  3.3810861701106469E-02  8.5989598642328344E-02  3.4227532810456353E-02  1.2748541785642914E-02  5.1075842569465093E-03  9.6167654414326519E-03  1.9889861770548880E-02  2.9123835400177572E-02  2.0429989834476726E-02  1.0995103773930653E-02  5.1471095825749696E-03  4.8935338145802620E-03  8.1525375265854658E-03  9.7770435098820975E-03  8.5737732799690304E-03  5.9110124295901640E-03  3.2172330618781830E-03  1.9825236089061316E-03  3.0704751802305389E-03  3.5531741480198343E-03  3.2986609854587035E-03  2.5062867007244953E-03  1.4848132564723230E-03
  5.1087307949050243E-03  1.2749997706806113E-02  3.4227532810456353E-02  8.6014136317474954E-02  3.3812945435628496E-02  1.1595938513004929E-02  5.1434411849612177E-03  1.0987926036121880E-02  2.0422182821231937E-02  2.9124598083706810E-02  1.9897789243391695E-02  9.6218233587316866E-03  3.2148807667491154E-03  5.9075079635685507E-03  8.5709679952585757E-03  9.7762802481248991E-03  8.1544568490869735E-03  4.8951457209429105E-03  1.4838531292426303E-03  2.5049202418959086E-03  3.2975460018441704E-03  3.5528589789095813E-03  3.0708474797080925E-03  1.9829349767821122E-03
  2.3851306750189505E-03  5.5753907990005519E-03  1.2748541785642923E-02  3.3812945435628509E-02  8.4932422733954197E-02  3.1265767762040313E-02  2.6758057155569252E-03  5.7306099211166745E-03  1.0996319734452125E-02  1.9907355186284188E-02  2.7856761634300314E-02  1.7166033865951464E-02  1.9051817881252341E-03  3.6769873563432345E-03  5.9135729665948872E-03  8.1595054391943155E-03  8.8272211312107017E-03  6.3429727368463987E-03  9.6807323557812804E-04  1.7316940416675227E-03  2.5053891504263838E-03  3.0709598687917784E-03  3.0574932957639820E-03  2.2081922191966885E-03
  1.0546540377964749E-03  2.3849262813541803E-03  5.1075842569465084E-03  1.1595938513004925E-02  3.1265767762040306E-02  7.8595566343500484E-02  1.2578111264235495E-03  2.6849073063757839E-03  5.1629610978106803E-03  9.6497168008081498E-03  1.7206946580685611E-02  2.2413776049330390E-02  9.6760936136988153E-04  1.9122825085326380E-03  3.2298391832289420E-03  4.9158972238178070E-03  6.3665723449897712E-03  5.8248071638648345E-03  5.2304512968998952E-04  9.6852624752053677E-04  1.4852369528468253E-03  1.9849933887708623E-03  2.2110247258687304E-03  1.7891210284629677E-03
  2.2426064511053664E-02  1.7160088486840266E-02  9.6167654414326502E-03  5.1434411849612168E-03  2.6758057155569248E-03  1.2578111264235498E-03  8.2540425458606625E-02  3.5520866642147320E-02  1.4963575148234544E-02  7.3711295612503515E-03  3.7482813649868003E-03  1.7489417203995869E-03  2.3501956697912912E-02  1.8569371794717682E-02  1.0886827626970250E-02  6.1000795987116423E-03  3.3016114924448356E-03  1.5915745626624081E-03  5.8319533180315845E-03  6.3551260894868468E-03  4.8991872630564223E-03  3.2159444310320543E-03  1.9046358935920010E-03  9.6695237684779741E-04
  1.7225283552209439E-02  2.7855620566178806E-02  1.9889861770548876E-02  1.0987926036121877E-02  5.7306099211166762E-03  2.6849073063757844E-03  3.5520866642147327E-02  9.1051528733375492E-02  3.9481587012796845E-02  1.6904700039252322E-02  8.1940322086380152E-03  3.7485465009949284E-03  1.8549703679164475E-02  2.9826539110525178E-02  2.1900079872312361E-02  1.2619114246065724E-02  6.8537408512937478E-03  3.3024432831957754E-03  6.3605646245213461E-03  8.8323946949609693E-03  8.1633516547405388E-03  5.9147067754063438E-03  3.6787475939350123E-03  1.9120482381501380E-03
  9.6621249356432515E-03  1.9924104982773749E-02  2.9123835400177583E-02  2.0422182821231941E-02  1.0996319734452125E-02  5.1629610978106821E-03  1.4963575148234548E-02  3.9481587012796825E-02  9.2901507278825221E-02  4.0234371010776225E-02  1.6907275304272131E-02  7.3724760293034288E-03  1.0881941943381910E-02  2.1875279808705458E-02  3.1441319267892988E-02  2.2579415079953528E-02  1.2619917025491725E-02  6.1032409401517475E-03  4.9107980949295599E-03  8.1589477522264180E-03  9.7792670317756025E-03  8.5758422044675611E-03  5.9168339845503092E-03  3.2301671835633940E-03
  5.1694533580054266E-03  1.1007569135667984E-02  2.0429989834476723E-02  2.9124598083706803E-02  1.9907355186284188E-02  9.6497168008081516E-03  7.3711295612503515E-03  1.6904700039252322E-02  4.0234371010776232E-02  9.2928236704781786E-02  3.9489508688784460E-02  1.4968474941654937E-02  6.0983566184725207E-03  1.2610120199962374E-02  2.2566673010719986E-02  3.1440417929667348E-02  2.1888857959178776E-02  1.0891059815655536E-02  3.2270029527484735E-03  5.9120493802629261E-03  8.5721035272669742E-03  9.7790405838275671E-03  8.1617058009740649E-03  4.9136536064584161E-03
  2.6883441577880739E-03  5.7367494746932389E-03  1.0995103773930653E-02  1.9897789243391698E-02  2.7856761634300307E-02  1.7206946580685611E-02  3.7482813649867995E-03  8.1940322086380135E-03  1.6907275304272135E-02  3.9489508688784460E-02  9.1105716191278954E-02  3.5536426561358594E-02  3.3005642042121760E-03  6.8498075217916440E-03  1.2611164057438697E-02  2.1884975847658961E-02  2.9822859231962484E-02  1.8556781979150686E-02  1.9103248008312266E-03  3.6752515091762797E-03  5.9089215818003242E-03  8.1576106946516132E-03  8.8302473336311776E-03  6.3603677693643930E-03
  1.2594042260637330E-03  2.6786128376353304E-03  5.1471095825749678E-03  9.6218233587316883E-03  1.7166033865951474E-02  2.2413776049330404E-02  1.7489417203995876E-03  3.7485465009949293E-03  7.3724760293034305E-03  1.4968474941654946E-02  3.5536426561358608E-02  8.2603267841253838E-02  1.5909026025073543E-03  3.3003600926263393E-03  6.0980258570227930E-03  1.0883242537372452E-02  1.8560245066343403E-02  2.3481740405826512E-02  9.6630667208771458E-04  1.9033645679870119E-03  3.2137741407719418E-03  4.8954857789395454E-03  6.3484749143025970E-03  5.8241176727202486E-03
  5.8343249146275960E-03  6.3436849090985651E-03  4.8935338145802594E-03  3.2148807667491163E-03  1.9051817881252343E-03  9.6760936136988185E-04  2.3501956697912912E-02  1.8549703679164475E-02  1.0881941943381912E-02  6.0983566184725198E-03  3.3005642042121747E-03  1.5909026025073541E-03  8.2669029178787837E-02  3.5527852737632516E-02  1.4961346524140245E-02  7.3684189156899534E-03  3.7460149326204394E-03  1.7476689980013486E-03  2.2434144540958045E-02  1.7177296275636394E-02  9.6149524950467826E-03  5.1370926965744095E-03  2.6709539206823045E-03  1.2551369531719617E-03
  6.3757225867474938E-03  8.8292615822414891E-03  8.1525375265854606E-03  5.9075079635685498E-03  3.6769873563432362E-03  1.9122825085326383E-03  1.8569371794717675E-02  2.9826539110525185E-02  2.1875279808705458E-02  1.2610120199962379E-02  6.8498075217916423E-03  3.3003600926263393E-03  3.5527852737632509E-02  9.1152636890489580E-02  3.9478728733209179E-02  1.6900136006150084E-02  8.1901626329524118E-03  3.7462684938984309E-03  1.7201867117791932E-02  2.7887807567678075E-02  1.9911281751531642E-02  1.0983032470426091E-02  5.7233052057852948E-03  2.6803289223454418E-03
  4.9248065490035166E-03  8.1652295035126148E-03  9.7770435098820940E-03  8.5709679952585705E-03  5.9135729665948855E-03  3.2298391832289420E-03  1.0886827626970250E-02  2.1900079872312354E-02  3.1441319267892988E-02  2.2566673010719983E-02  1.2611164057438697E-02  6.0980258570227904E-03  1.4961346524140239E-02  3.9478728733209158E-02  9.2968156277685718E-02  4.0228007866283784E-02  1.6900747953970594E-02  7.3692644012912627E-03  9.6421849994313760E-03  1.9907820605100136E-02  2.9147803184651880E-02  2.0434992643288744E-02  1.0991346091047381E-02  5.1571398778494084E-03
  3.2356364893911353E-03  5.9199423848255873E-03  8.5737732799690287E-03  9.7762802481248922E-03  8.1595054391943155E-03  4.9158972238178070E-03  6.1000795987116415E-03  1.2619114246065721E-02  2.2579415079953518E-02  3.1440417929667328E-02  2.1884975847658954E-02  1.0883242537372443E-02  7.3684189156899499E-03  1.6900136006150080E-02  4.0228007866283777E-02  9.2976461103829275E-02  3.9482676892170970E-02  1.4963949144513258E-02  5.1549375487046139E-03  1.0986023172612429E-02  2.0424132731729973E-02  2.9146126216696839E-02  1.9917079578262123E-02  9.6480742099054034E-03
  1.9158052900274617E-03  3.6820692695070313E-03  5.9110124295901649E-03  8.1544568490869718E-03  8.8272211312107034E-03  6.3665723449897720E-03  3.3016114924448352E-03  6.8537408512937487E-03  1.2619917025491725E-02  2.1888857959178783E-02  2.9822859231962484E-02  1.8560245066343399E-02  3.7460149326204394E-03  8.1901626329524118E-03  1.6900747953970591E-02  3.9482676892170970E-02  9.1144591196323357E-02  3.5535330359670353E-02  2.6794328525846516E-03  5.7214767018601131E-03  1.0979526800517857E-02  1.9902591439538767E-02  2.7881719261395859E-02  1.7207277223645481E-02
  9.6939260444038828E-04  1.9079845706192647E-03  3.2172330618781822E-03  4.8951457209429096E-03  6.3429727368463969E-03  5.8248071638648336E-03  1.5915745626624085E-03  3.3024432831957754E-03  6.1032409401517466E-03  1.0891059815655533E-02  1.8556781979150686E-02  2.3481740405826505E-02  1.7476689980013484E-03  3.7462684938984309E-03  7.3692644012912645E-03  1.4963949144513260E-02  3.5535330359670332E-02  8.2675936816671736E-02  1.2548247048035557E-03  2.6703598634611170E-03  5.1361418382912371E-03  9.6128477057642256E-03  1.7170303439179028E-02  2.2418906819516693E-02
  1.7925714146474526E-03  2.2089757217842246E-03  1.9825236089061307E-03  1.4838531292426303E-03  9.6807323557812814E-04  5.2304512968998941E-04  5.8319533180315845E-03  6.3605646245213452E-03  4.9107980949295591E-03  3.2270029527484744E-03  1.9103248008312270E-03  9.6630667208771469E-04  2.2434144540958045E-02  1.7201867117791939E-02  9.6421849994313760E-03  5.1549375487046157E-03  2.6794328525846507E-03  1.2548247048035559E-03  7.8926311938363039E-02  3.1244331488001931E-02  1.1566907414004157E-02  5.0887233839900323E-03  2.3738110413181177E-03  1.0492356489225740E-03
  2.2149135539738496E-03  3.0587617704840855E-03  3.0704751802305393E-03  2.5049202418959090E-03  1.7316940416675227E-03  9.6852624752053645E-04  6.3551260894868485E-03  8.8323946949609693E-03  8.1589477522264180E-03  5.9120493802629261E-03  3.6752515091762789E-03  1.9033645679870119E-03  1.7177296275636390E-02  2.7887807567678079E-02  1.9907820605100147E-02  1.0986023172612431E-02  5.7214767018601122E-03  2.6703598634611175E-03  3.1244331488001934E-02  8.5078667844502145E-02  3.3771548623862890E-02  1.2711460512916439E-02  5.5524672219768893E-03  2.3739208133603472E-03
  1.9887097983471891E-03  3.0731125605751109E-03  3.5531741480198339E-03  3.2975460018441704E-03  2.5053891504263834E-03  1.4852369528468245E-03  4.8991872630564206E-03  8.1633516547405371E-03  9.7792670317755990E-03  8.5721035272669725E-03  5.9089215818003225E-03  3.2137741407719405E-03  9.6149524950467791E-03  1.9911281751531635E-02  2.9147803184651870E-02  2.0424132731729962E-02  1.0979526800517853E-02  5.1361418382912345E-03  1.1566907414004153E-02  3.3771548623862876E-02  8.6136111074685051E-02  3.4186570970260420E-02  1.2712308365939609E-02  5.0892989566378747E-03
  1.4882934961301564E-03  2.5079398232999285E-03  3.2986609854587026E-03  3.5528589789095813E-03  3.0709598687917788E-03  1.9849933887708623E-03  3.2159444310320543E-03  5.9147067754063438E-03  8.5758422044675594E-03  9.7790405838275689E-03  8.1576106946516132E-03  4.8954857789395437E-03  5.1370926965744086E-03  1.0983032470426091E-02  2.0434992643288748E-02  2.9146126216696842E-02  1.9902591439538771E-02  9.6128477057642291E-03  5.0887233839900323E-03  1.2711460512916439E-02  3.4186570970260434E-02  8.6124898847396922E-02  3.3774274911083063E-02  1.1568095957912018E-02
  9.7053093917357511E-04  1.7339145128779712E-03  2.5062867007244957E-03  3.0708474797080921E-03  3.0574932957639833E-03  2.2110247258687317E-03  1.9046358935920025E-03  3.6787475939350140E-03  5.9168339845503118E-03  8.1617058009740683E-03  8.8302473336311811E-03  6.3484749143025987E-03  2.6709539206823053E-03  5.7233052057852956E-03  1.0991346091047384E-02  1.9917079578262133E-02  2.7881719261395866E-02  1.7170303439179035E-02  2.3738110413181182E-03  5.5524672219768928E-03  1.2712308365939614E-02  3.3774274911083070E-02  8.5073681117123545E-02  3.1248999736452752E-02
  5.2412241079111122E-04  9.6945955905407223E-04  1.4848132564723232E-03  1.9829349767821118E-03  2.2081922191966880E-03  1.7891210284629675E-03  9.6695237684779741E-04  1.9120482381501387E-03  3.2301671835633940E-03  4.9136536064584169E-03  6.3603677693643921E-03  5.8241176727202469E-03  1.2551369531719617E-03  2.6803289223454423E-03  5.1571398778494093E-03  9.6480742099054086E-03  1.7207277223645477E-02  2.2418906819516693E-02  1.0492356489225742E-03  2.3739208133603477E-03  5.0892989566378773E-03  1.1568095957912016E-02  3.1248999736452746E-02  7.8931807343348995E-02
